5527988175341
5533988275004
5527999170914
5527999036598
5527996371251
5527992676699
5527997677724
5527998157453
5513997135383
556183380058
5527992489596
559881750315
5527998730233
5527999040834
5527996998483
5527992543151
5527988343763
5527999784515
5527995334905
5527998207383
5527999761088
5521970271706
5527998591264
5527997028110
5527996361247
5527997881059
5527988481331
5527997323250
5527999362973
5527995058686
5527988785523
5527998382496
5527999080151
5527997247010
5511940663898
5527992795020
5527995016557
5527996067130
5527992586891
5527999202256
5527988629982
5527998728514
5527997466622
5527988147946
5527998469789
5527988144560
5527981374495
5527996575511
5527995023253
5527995013356
5521999966626
5527997331744
5521975068057
5527997649718
5527997649718
5527992712305
5527997772538
5527992235465
5527996132942
5527988060338
5527998253275
5527996258330
5527996054912
5527996479081
5527988469608
5527998353747
5527999189971
5527998200909
5527992890357
5527992797789
5527999838535
5527999841887
5527997492787
5527988513415
5527997776971
5527997866357
5527998145392
5527992782639
5527995170145
5527988083440
5527999278100
5527995770499
5527997007389
5527999274620
5527996636482
5527998642620
5527974008859
5527988526292
552792227596
5527988469399
5527999444463
553398467600
5527997096480
5527999492070
5527981031962
5528999788495
5527995049973
5527996186989
5527999369600
5527999070638
5527988117667
5527996163286
5527999132599
5527998441722
5527998504093
5527999182198
5527997477532
5527988048981
5527997479140
5527993122054
5527999918829
5527988197202
5527998142942
5527997452015
5527997332008
5527997946245
5527996345151
5527988421311
5527999265869
5528999055943
5527999981513
5527995029731
5527992729004
5527998859080
5527996107979
553384039616
5527992878888
5527996089915
5527996205574
5527992542536
5527997279877
5527992376132
5527997521810
5527995129424
5527997160974
5527997763211
5527998801501
5527999164558
5527998317473
5527996611741
5527998059156
5527992732855
5527981534539
5527996477450
5527999094665
5527997549291
5527995768406
5527988979382
5527995180669
5527998881030
5522999220977
5527997939289
5527988302476
5527999190527
5527998480327
5527998109180
5527992048885
5527999165801
5527999959756
5527981214107
5527997722003
5527998951803
5527996408142
5533988831042
5527988256011
5528999868646
5527992276706
5527999449440
5527998368568
5527997443916
5527998861376
5527998534590
5527995243264
5528999061388
5527992660706
5527995339053
5527995339053
5527995741284
5527998082821
555199967786
5527998766036
5527996507560
5527999274670
5527988201296
5527988569307
5527999920530
5521970186066
5527997214080
5527997532098
5527988780643
5527988912203
5527999362039
5527981521122
5527995120123
5527992675224
5527996411413
5527998826644
5527992918937
553384211456
5527999972919
5527997211018
5527997456622
5519988448787
5527981110002
5527999767282
5527999255406
5527998407103
5527998980910
5527988419643
552799818466
5527995747074
5527996571167
5521982278120
5527988203153
5527999203861
5527998464560
5527999914606
5527998820653
5527998991672
5527999817171
5521995651388
5527997434230
5527996279745
5527981771774
5527995177253
5527999434111
5527999781866
5527999960906
5521987811654
5527997249960
5527988432304
5527995122851
5527995122851
5527995822157
5527999294728
5527997131200
5527997381717
5527988261989
5527988648972
5527988335023
555186770059
556281293175
5521986362153
5527992039825
5527999453962
5527998351745
5527992449270
5527999176374
5527992621660
5527995193624
5527998663098
5527995030490
5527992734332
5528999527940
5527988615764
5528999356584
5527998937811
5527999073007
5527996500793
5527981579807
5527998348190
5527999392240
5522999854973
5527999699025
5527995760157
5527998160677
5527999008027
5527999866530
5527992983443
5527996281542
5527997119959
5527999888446
5527998915700
5527997861290
5527981211084
5527999702597
5527998925254
5527988786313
5527995337811
5527999587218
5527997744647
5528999943750
5527992717441
5527999610568
5528999056274
5527988311391
5527988567999
5527999458384
5527992675842
5527999027994
5527997695374
5527995293865
5527996026434
5527997475151
5527992790655
5527995284699
5527988166442
5527996194052
5527997790313
5527992042446
5527998757778
5527997516146
5527995817298
5527996190650
5527996027515
5533988714255
5533998758599
5527996093888
5527997728090
5527997565165
5527996467879
5527992590404
5527988155808
5527998112098
5527999591429
5527999377175
5527992892224
5527999237983
5527999710201
5527996624867
5527997361382
5527992645665
5527992393963
5527992052480
5527998718540
5527999077641
5527992339817
5527997836530
5527996911688
5527999384220
5527998613931
5527997777878
5527998300956
5527995200578
5527998818882
5527996083868
5527998829384
5521984075127
5527998716162
5527988473992
5527998966215
5527999353097
5527997986170
5527981891717
5527992266767
5527997630615
5527997114450
5527998834866
5527999568139
559984891312
5527992939208
5527998768551
5527992569886
5527997242263
5527998128257
5527995222561
5527997758330
5527998166750
5527988422520
5528999455840
5527998523500
5527981624570
5527992281599
5527988560368
5527992520320
5528999131189
5527999946632
5527981700811
5527998106335
5527999462407
5527999753763
5527992349387
5527996327255
5527999155900
5527997768966
5562999719898
5527996513348
5527981111133
5527999499371
5527995906413
5527988863614
5527992860109
558294281968
5527998024810
5527988250414
5527999526900
5531994414134
5527988525197
5527998002400
5527998037081
5527997772472
558291134844
5527981558706
5527996923630
5527992442969
5527999445269
5527998611127
5527998034699
5527995274329
5527996109411
5527995122851
5527997211018
5527997456622
5519988448787
5527981110002
5527999767282
5527999255406
5527998407103
5527998980910
5527988419643
552799818466
5527995747074
5527996571167
5521982278120
5527988203153
5527999203861
5527998464560
5527999914606
5527998820653
5527998991672
5527999817171
5521995651388
5527997434230
5527996279745
5527981771774
5527995177253
5527999434111
5527999781866
5527999960906
5521987811654
5527997249960
5527988432304
5527995122851
5527995122851
5527995822157
5527999294728
5527997131200
5527997381717
5527988261989
5527988648972
5527988335023
555186770059
556281293175
5521986362153
5527992039825
5527999453962
5527998351745
5527992449270
5527999176374
5527992621660
5527995193624
5527998663098
5527995030490
5527992734332
5528999527940
5527988615764
5528999356584
5527998937811
5527999073007
5527996500793
5527981579807
5527998348190
5527999392240
5522999854973
5527999699025
5527995760157
5527998160677
5527999008027
5527999866530
5527992983443
5527996281542
5527997119959
5527999888446
5527998915700
5527997861290
5527981211084
5527999702597
5527998925254
5527988786313
5527995337811
5527999587218
5527997744647
5528999943750
5527992717441
5527999610568
5528999056274
5527988311391
5527988567999
5527999458384
5527992675842
5527999027994
5527997695374
5527995293865
5527996026434
5527997475151
5527992790655
5527995284699
5527988166442
5527996194052
5527997790313
5527992042446
5527998757778
5527997516146
5527995817298
5527996190650
5527996027515
5533988714255
5533998758599
5527996093888
5527997728090
5527997565165
5527996467879
5527992590404
5527988155808
5527998112098
5527999591429
5527999377175
5527992892224
5527999237983
5527999710201
5527996624867
5527997361382
5527992645665
5527992393963
5527992052480
5527998718540
5527999077641
5527992339817
5527997836530
5527996911688
5527999384220
5527998613931
5527997777878
5527998300956
5527995200578
5527998818882
5527996083868
5527998829384
5521984075127
5527998716162
5527988473992
5527998966215
5527999353097
5527997986170
5527981891717
5527992266767
5527997630615
5527997114450
5527998834866
5527999568139
559984891312
5527992939208
5527998768551
5527992569886
5527997242263
5527998128257
5527995222561
5527997758330
5527998166750
5527988422520
5528999455840
5527998523500
5527981624570
5527992281599
5527988560368
5527992520320
5528999131189
5527999946632
5527981700811
5527998106335
5527999462407
5527999753763
5527992349387
5527996327255
5527999155900
5527997768966
5562999719898
5527996513348
5527981111133
5527999499371
5527995906413
5527988863614
5527992860109
558294281968
5527998024810
5527988250414
5527999526900
5531994414134
5527988525197
5527998002400
5527998037081
5527997772472
558291134844
5527981558706
5527996923630
5527992442969
5527999445269
5527998611127
5527998034699
5527995274329
5527996109411
5528999096618
