5527997187536
5528999511817
556186537090
5527992872713
5527993126198
5527999968434
5527998787254
5527998016409
5527999192580
556692083474
5527997061588
5527999873765
5527999838984
556899925947
5527981311280
5527997178551
5527995337259
5527999242429
5527999499107
5527998260704
5527997650782
5527988625367
5527999319998
5527992026336
5527996553010
5527992918456
5527999774403
5527998200449
5527999680444
5527997336827
5527999233244
5572145527998
5528999241730
5527988029480
5527996378611
5527997224689
5527988510658
5528999205668
5527998691674
5527988226030
5527995771592
5528999684794
5527988743385
5527999147745
5527999489446
5527997571146
5527999749182
5527997754170
5527998092137
5527999030647
5527999030647
5527981822237
5527997833236
5527997644488
5527999190966
5527997439324
5528999535379
5527997349959
5527998612738
5528999740669
5528999718550
5527998555153
557781158114
5527992565641
5527998491904
5527992036869
5527997818880
5527988982206
5527999111207
5527981524861
5527995819182
5522981738442
5527995147061
5527998406625
5527992464566
5527996421343
5527996008058
5527999661124
5527996672305
5527998122014
5527995068070
5527999183948
5527981497900
5527998884038
5516996013263
992930990
5527996464909
5527992960504
5527999132151
5527998239695
5527992619466
5527997043688
5527996657114
5527996942801
5527999405740
5527996513078
5527998217377
5527996143151
5511994727436
5527999662220
556191976761
5527999473530
5527996139009
559185427902
5527988333038
5527999993810
5527996361514
5527998411816
5527981352313
5527999967321
279992713111
5527999643560
5527996957405
5527999337507
5527992610241
5527999566647
5521991730306
5527992894831
5527981891717
5527997239027
5527988914733
5527998703360
5527997626469
5527988155397
5527997661559
5527997790044
5527997386668
5527996303339
5527998458753
5527997800988
5527997540334
5527995908185
5528988051984
5527999898921
5527997408569
5527999347564
5527988608755
5527998381705
5527988045494
5527999718676
5527997220841
5527997221522
5527995071110
5527998008416
5527997475199
5527998949124
5527997506019
5527999437076
5527996266386
5527998364501
5527988188178
5527988646883
5522998188839
5527996978985
5527999631928
5527992529829
5527999892054
5527988558689
5527999462109
5527999147638
5528999455098
5567999327989
5527992942546
5527998031295
5527996988285
5527992865112
5527997086041
5527981514550
5527995900670
5527997686261
5527997552897
5527997463300
5527992856976
5527999798630
5527997534492
5527988112354
5527997166271
5527988223388
5527998153701
554799644490
5527999025274
5528999123462
5527997079019
5527988098443
5527998308020
5527988271314
5527981456895
5527988274955
5527988104089
5527997031363
5521996916810
5527998795962
5527997601280
5527993099286
5524999759818
5528999629614
5512992539934
5527997613989
5527995145144
5527996492166
5527999444518
5527999039874
5527999746968
5527996005039
5527998537536
5527997758651
5527999619960
5527997166138
5527996549135
5527995832143
5527988568753
5527995022101
552799160242
5527996659438
5527992892995
5527992052166
5527981162524
5527998420030
5527988015035
5527997907310
5527998362188
5527997323405
5527999244485
5527999999649
5528999220784
5527999345442
5528999098011
5527996339147
5527997438411
5528999140451
5527999377757
5527995300332
5527995837422
5527997636945
5527998625177
5527999347336
5527992566250
5573999645745
5573999645746
5527981331829
5527981430825
5527997776784
5511921570450
5527999519342
5527996069908
5527999754927
5527996375624
5527999108980
5527981330934
5527996925179
5527999084850
5527992538149
5527999014430
5527992022026
5527998718942
5527981555430
5516991259252
5527999882710
5527999852336
5527992365497
5527999146916
5527995902539
5527995014682
5527999205522
5527981117811
5527999242027
5522999110139
5527992740189
5527997607021
553183067228
5528999863496
5528988051452
5527998467702
5527999302432
5527999722369
5527996486447
5527996486447
5527996521972
5527997014818
5527996508052
5527996609236
5527997406173
557188693066
5527981733991
5527996959439
5527999543839
5527998342560
5527988838756
5527999566837
5527997251250
5527995318594
5527998762767
5527998168675
5527996221454
5527995122915
5527998434078
5527997068239
5527988626653
5527988882006
5527999021498
5511939550469
5527997431571
5527998507355
5527996447726
5527998043488
5527998610089
5527988001321
5527998316952
5527997086319
5527995335264
5527999426355
5527998668399
5527998408751
5527999866329
5527998999935
5528999253040
5527999463278
5527997655580
5527996255442
5527995794944
5527999237336
5511915831412
5527996235771
5527997079486
5527997278602
5527999898627
5524992197585
5527992563730
5527999830755
5527998666124
5527998962344
5527988660984
5527992948201
5527997763262
5527998935782
5527997621058
5527997484964
5527992436219
5527996228997
5527996220917
5527995112876
5527992998151
5527998042224
5522998125705
5528999632842
5527999449880
5527981518190
5527995166371
5527999190815
5527999690777
5527999503552
5527997817116
5527997116732
5527992563483
5527988971972
5527996231002
5527998854585
5527995130212
5527997564747
5527992047270
5527992432057
5527998067387
5527992618836
5527995201971
5527996149059
5527997983400
5527999380626
5527996031846
5527992894831
5527998973105
5527998829686
5527999219020
5527996286050
5527998665577
5527992323356
5528992738686
5527996193607
5527992274885
5527997629344
5527996870540
5527992352652
5527997648768
5527997197197
5527998906979
5527999340954
5527998489113
5527988370431
5527988333477
5527995906427
5527992518879
5527992680217
5527995219079
5527998861079
5527995130696
5527997622399
5527995095585
5527998056576
5527998063264
5527999240341
5527995797701
5527995811775
5527995045238
5527998029772
5527996584818
5527999294088
552799165155
5527997465257
553388563031
5527999495466
5527997452661
5527996334409
5527988960798
5527998439196
5528999664384
5528999238144
5527999627226
5527993163919
5527988546550
5527998513748
5527999628223
5527995156299
5527997042208
5527992883383
5527988148590
5527998951368
5527998997720
5527996202544
5527998421982
5527992631243
5527999892370
5528999368517
5527999743319
5527992565962
5527998864855
5527998646241
5527997850064
5527996457284
5527997673752
5527999779064
5527995087829
5527996604421
5527992278603
5527998245661
5527999932022
5527996235315
5527996065726
5527998017295
5524998317791
5522992545402
5527999627374
5527998457572
5527981538605
5527997399001
5527998103893
5522999873705
5527998821250
5527995237253
5527999225744
554797034858
5527999262220
5527996426348
5527995250703
5527999203387
5527999912610
5527999841278
5527999820824
5527998725094
5527995051971
5527992516668
5527998087581
5527999666466
5527999889105
5527998407798
553391287411
5527997600170
5527997711694
5527998525608
5528998853271
5527999069982
5522992226717
5527992632528
5527992833421
5527993128077
5527997407553
5527995092876
5527996477449
5527999505110
5527999734108
5527998605745
5527997164788
5527999435050
5527997309236
5527999797731
5527999797731
5527996643466
5527999548109
557399239695
5527999829795
5527996218066
5527997575858
5527999423314
5527999820446
5527998817231
5527999983270
5527997211995
5527997358876
5527988959240
5527999505857
5527997663148
553197983419
5527999997698
5527998152544
5527998152544
5527997662148
5527998416967
5527997376427
5528999918998
5527981478164
5527981324195
5524992571162
5527992723053
5527998965934
5527988744580
552730511306
5527992426372
5527998938722
5527992294690
5527996402121
5527992747295
5527988187539
5527996933580
553388542731
5527992264478
5527999989152
5527988435944
5527999276052
5527999843961
5527998852105
5527999535313
5527996366952
5527996297312
5527992263509
5527998672510
5527988640291
5527999757655
5522999553234
5527992910814
5527995278667
5527999927354
5527995009984
5527995009984
553194779516
5527998374097
5527996007957
5527998315080
5537998318480
5527999642508
5527999642508
5527992341387
5527998426758
5527995141714
5527999280948
5527992991230
5527998352176
5527997372797
5527999082227
5527999454447
5527998610213
5527988067622
5527981364552
5527996667540
5527997643982
5527992447717
5527997291226
5527998935607
552730200195
5527999788166
5527998396167
5527995151031
5527997003031
557196509500
5527997185590
5527995112299
5527998212398
5527997004693
5521966324459
5527999822209
5527997768062
5527996935860
5527992829988
5527997333473
5522999435769
554884620671
557381953391
5527981063176
5527997870672
5527999915060
5527997453175
5527992550279
5527988481578
5527999730446
5527996530296
5527997727259
5527998128774
5527999362787
5527992514200
5527997781716
5528999759091
5527998060932
5527999790043
5527999287749
5527999690186
5527997987266
5527995244957
5527997022577
5527988378990
5527992684778
5527999809947
5527996193945
5527992321206
5527999528758
5527996500363
5527992932689
5527996415802
5527981114916
5527997511023
555197892319
5527999100228
5527997027409
5527997790818
5527997515450
5527999097629
557399192315
5527999454115
5527996052675
5527999699056
5527998108471
558892360972
5527999824303
553199210032
5527992513777
5527993169488
5527981226967
5528999951871
5527999308855
5527996677499
5527992261353
5527998221222
5527992649498
5527999054864
5527992689856
5527998625061
5527992787695
5527998411277
5527981218067
5527997671361
5527998671228
5527997327340
5527996555362
5527998248282
5527998259676
5528999910716
5527995070574
5527981824635
5527998442214
5527997507513
