556492734292
5527996144431
5527998733482
5527999240097
5527998595698
5527992748120
5527997461406
5527988857506
5527996487392
5527992931661
5527999423125
5527996096367
5527997481504
5527999181954
5527998279468
5527998825887
5527992945452
5527999459623
5527996507128
5521971965952
5527998025190
5527992743206
5527992775517
5527988763312
553188116617
5527997136312
5527999275188
5524998712438
559492558966
5527999212160
5527992882166
5527997059404
5527995226404
5527981351400
557388445038
5527997045305
5527988172447
5527997220301
5527997779133
5527998313909
5527999425379
5527998425124
5527997100365
5527997551191
5527999835561
5527996060027
5527992493409
5527998280791
5527988699841
5527988168582
5528998840120
5527981437032
5527988482466
5527992847087
5527999002768
5527996342319
5527999185338
5527999042322
5527999155900
5527998908491
5527999782688
5527997092600
5527998547139
5528999049876
5527999838753
5527998982711
5527998731830
5527998163937
5527997930389
5527999142629
5527996242029
5527999887082
5527998748054
5527992750614
5527998555950
5528999129582
5527996026992
5527996617868
5527997867214
5527999753535
5527988825780
5527981041194
5527998826570
5527997351119
351934950481
5528999451644
5527996678871
5527981454044
5527992916810
5527999131627
5527997093613
5527999549312
5527998498326
5527988963963
5527999201748
5527997024357
5527997265599
5527999990982
5527998212687
5527998395079
5527988048436
5527996657001
556796101987
5527988259257
5527988264095
5527996129400
5527992897679
5527999187032
5527996442450
5527996521600
5527998809217
5527992562030
5527997094683
5527995110478
5527999058374
5527997477286
5527996665542
5527992343435
5527999700535
5528999862347
5527999626192
5527988457118
5527999892502
5527998611033
5527996648715
5528999436356
5527992484207
5527981112977
5527995170101
5527996409726
5527992759267
5527995129607
5527997758991
5527999370103
5522999885999
5527999728218
5527992763682
5527997730030
5527996690050
5527988016083
5527981000981
5527998167225
5521994391833
5527996628669
5527997448104
5527999962471
5527997429969
5527999445144
5527996697379
5527981811993
5527998932031
5527999312210
556992719868
5527995318665
5527992551915
5527999638393
556984764237
558499878752
5527988183684
5527997277798
5527988085808
5527988966481
5527998505396
5527997582274
5527999770867
5527997904199
5527998230317
5527997418683
5527999602719
5527999496635
553185062150
5527999536082
5527999055006
5527995131439
5528999761255
5521979172802
5528999424765
5527998020027
5527997116999
5527992423499
5527996041409
5527999705843
5527997252692
5527988080971
5527997731417
5527996470461
5527995042282
5527992996448
5527998244389
5527998777998
5527981395468
5527998133315
5527992832351
5527997654355
5527995995823
5527988675595
5527993129393
5527999779723
5527999189073
5527996487585
5527988274664
5527997289986
5527998473749
5527992846028
5527996288857
5527992490489
5527997138247
5527988137180
5527997747084
5513974218522
5527992037320
5527996636647
5527992664780
5527995124725
5527997294358
5527993113973
5527998108212
5527981192019
5527998481938
5527998726246
5527988958713
5527997918573
5527998477163
5527988587336
5527993258787
5527999637431
5527988677363
5527997793245
5527992462041
5527999420781
5527999947931
5527997643260
5527998355717
5527997898155
5527998070375
553195313330
5527999494485
5527992373405
5527998408920
5527998410114
5527996634600
5527999836860
5527999565201
5528999002914
5527998208233
5527995113571
5527998380099
5527981175900
5527999945262
5527999950180
5527998277089
5527998866745
5527997558954
5527981123496
5521971333687
5527992294717
5527999334933
5527998300747
5527999002390
5527993119751
5527996125593
5527996342348
5527998179480
5527999560907
5527997286358
5527992891158
5527998656868
5527997070754
5527995329373
5527996933326
5527999710364
5527992345024
5527988761171
5527981342406
5527992395649
5527998857944
5527998896524
5527999660699
5527996361764
5527999290927
5527988007669
5527999247176
5528981002522
5527999095714
559491618522
5527999437352
556182314805
5527999781050
5527992323503
5527997193994
5524988285878
5528999320106
5527981330146
5527995065649
5527997351436
5527999810104
556981257995
5527996505174
5528999991653
5527998906451
5527995191974
5527999384220
5527981024508
5527997313708
5527997121760
5527997360763
5527995317443
5527981192019
5527998885808
5528999750800
5527999491873
5527998775517
5527998310862
5527997733539
5527996288661
5527998341690
5527995280330
5527998572553
5527996927715
5527988463728
5527999881162
5527997368009
5527999076543
5511977960467
5527999323845
5527998315283
5527998886907
5527999325968
5527996620783
5527981058222
5527999853403
5527992458218
5527999443655
5527996667981
5527981297499
5527997937166
5527996407051
5527992477666
5527998426656
5527996084709
5527997574108
5527996357474
5527997931277
5527997958193
5527997288799
5527981439917
5527999417136
5527981117787
5527998120863
5527995270961
5527999228453
5527999978821
5527996016979
5527996280762
5527998937001
5527997972199
5527997272091
5527999992916
5527997298396
5527999363649
5527992914994
559681006562
5527988263897
5527992324651
5527998840851
5527999644526
5527999438595
5527998920911
5527996146144
5527981184422
5527999790676
5527981317932
5527998763384
5527997030444
5527999777382
5527998485544
5527998641371
5527998293236
5527998768352
5527998442204
5527999391304
5527981361412
5527999311931
5527999629789
5527997778293
555368285710
5527998914998
5527999113808
5527996389674
5524992197585
5527988236975
5527998959496
5527998816347
5527998092197
5527999476908
5527995295849
5527998572670
5527992833435
5527998182368
5527996031548
5527981254756
5528999242098
5527997559096
5519996181052
5527999225583
5527996096309
5527988489832
5527998374355
5527981190002
5527988795344
5527996648740
5527988496248
5527981368408
5527998185965
5527999442944
5527998993728
5527998040323
553171550726
5527992423335
553187966857
5527997601046
5527988749052
5527995320743
5527998147571
5527997736183
5527995788857
5527998891440
553388301390
5527999013263
5527988616833
5527998142900
5527996930318
5527999222999
5527998155526
5527988077782
5527996343861
5511954730422
5527995026483
5527999662214
5527992338639
5527992055192
5527988478955
553173484022
5527998424005
5527996038743
5527988294278
5527998408502
5527998192864
5528999951887
5527995016944
5527988975346
5527998583514
5527992915733
5528999577477
5527988129842
5527998331275
5527998813521
554399883555
5527995836796
5527996043488
5527998125980
5527988539198
5527998287251
5527995900610
5527992019847
5527995784953
5527988237176
5527999329668
5527998187463
5527988554984
5527998218442
5527998370976
5527996200053
5527998819172
5527999325313
5527996150495
5527999000240
5527999462922
5527997071205
5527992843896
5527997593994
557183353556
5527981222923
5527992638369
5527999469965
5527997304167
5527998302945
5527997193776
5527992575589
5527999774403
5527981268162
5527996974770
553798019876
5528999247478
5527998498121
557598199170
557388416485
5522998363879
5527999614391
5527999450545
5527988254878
5527999570873
553188608685
5527992481441
5527992740688
5527999724590
5527996989217
5527997394338
5527992392781
5521998467574
5527996613340
5511953997398
5527992754065
5527999618125
5528999084599
5527995809812
5527992242495
5527998187371
5527992322933
5527998118655
5527999445189
558288642565
5527997722540
552796227516
5527996227516
5527992978090
5527999479353
5527992536075
5527999587239
5527995158716
5527988327266
5527998461446
5527999227716
5527998050243
5528999204070
5527998205741
5527999394993
5521976681525
5527999630394
5527998338830
5527998803570
5527999946915
5527992831384
5528999008066
5527988373874
5527998152414
5527996155399
5527981775750
5527997729048
5527999102993
5527992553247
5527995256232
5527999639155
5527996919911
5527988178369
5527996524098
5527997485852
5527988370545
5527995246199
5527988238697
5527995816391
5527998006912
5527997393541
5527997110017
5527998758800
5527992575175
5527995191910
5527988868634
5155999098800
5527988497388
5527992699229
5527995832280
5527999921334
5527992338968
5527999155381
5527999127517
5527999009977
5527996865026
5527997758037
5527999598488
5527981440157
5527999460916
5527997336304
5527998681056
5527988180824
5527981177049
5527988913185
5527999642747
5527999641946
5527999988499
5527999697700
5527997268080
5527997762393
5527997000455
5527997189498
5527998009181
5527999015760
5527998818335
5527992680747
5527998420579
5511998855077
5527996161612
5527997358139
5528999036540
5527998604721
5527998582340
5527999944766
5527999161312
5527988072172
5527998730511
5527999969953
5527988229664
5527995258152
5527997065525
5527998419408
5527988800978
5527998805231
553180208857
5527992513795
5527999986609
5527999535487
5527996304210
5527995316115
5527988115108
5527998042370
5527992555443
5527998719219
5527999600282
5527981531959
5527997990115
5527995135756
5527997812071
5527997585017
5527999712135
5528999881092
5527988067164
5527996212671
5527998960102
5527988594342
5527981703663
5521998877641
5527996157523
5527988772609
5527988586935
5527997219827
5527992774549
5527995009698
5527998525495
5527999666472
5527996227429
5527995839136
5527995334381
5527992756464
5527999929787
5527999743740
5527999084851
5527999735516
5527996442106
5527981413237
5528999852544
5527981829317
5527996251801
5527996501418
5527997091263
5528992776016
5527988028340
5527999371169
5528999280709
5527992970775
5527988479300
5521972679963
5527997923318
5527998201911
5527988182682
5527998399320
5527999997830
5527988018008
5527997248376
5527997966313
5527998767425
5521993409113
5527999201555
5527998933965
5528999440119
5527997031803
5527992297421
5527992663921
5521971811983
5527995702278
5527995172243
5527999501119
5527996346979
5527996901434
5527996403115
5527999181358
5527989031335
5527996899554
5527988481432
5527996223121
5527992798302
553799875530
5527997417022
5531996124374
5527997169222
5527996204629
5527988398024
552799714400
5527998632930
5527996397769
5527999098905
5527998369433
5527992495166
5527988005203
5527996663084
5527999409207
5527992581788
5527998332617
5527996534379
5527999442254
5528999755840
5527988522683
5527992693507
5527997619829
5528999570977
